1573
20920
1566
2615
20834
20653
275320
20646
34415
275234
1552
20640
1545
2580
20554
2593
34520
2586
4315
34434
20395
271880
20388
33985
271794
19852
264640
19845
33080
264554
264373
3524920
264366
440615
3524834
19831
264360
19824
33045
264274
33058
440720
33051
55090
440634
264115
3521480
264108
440185
3521394
1510
20080
1503
2510
19994
19813
264120
19806
33015
264034
1489
19800
1482
2475
19714
2488
33120
2481
4140
33034
19555
260680
19548
32585
260594
2527
33640
2520
4205
33554
33373
444920
33366
55615
444834
2506
33360
2499
4170
33274
4183
55720
4176
6965
55634
33115
441480
33108
55185
441394
19078
254320
19071
31790
254234
254053
3387320
254046
423415
3387234
19057
254040
19050
31755
253954
31768
423520
31761
52940
423434
253795
3383880
253788
422985
3383794
17449
232600
17442
29075
232514
232333
3097720
232326
387215
3097634
17428
232320
17421
29040
232234
29053
387320
29046
48415
387234
232075
3094280
232068
386785
3094194
231532
3087040
231525
385880
3086954
3086773
41156920
3086766
5144615
41156834
231511
3086760
231504
385845
3086674
385858
5144720
385851
643090
5144634
3086515
41153480
3086508
5144185
41153394
17386
231760
17379
28970
231674
231493
3086520
231486
385815
3086434
17365
231480
17358
28935
231394
28948
385920
28941
48240
385834
231235
3083080
231228
385385
3082994
28987
386440
28980
48305
386354
386173
5148920
386166
643615
5148834
28966
386160
28959
48270
386074
48283
643720
48276
80465
643634
385915
5145480
385908
643185
5145394
230758
3076720
230751
384590
3076634
3076453
41019320
3076446
5127415
41019234
230737
3076440
230730
384555
3076354
384568
5127520
384561
640940
5127434
3076195
41015880
3076188
5126985
41015794
1384
18400
1377
2300
18314
18133
241720
18126
30215
241634
1363
18120
1356
2265
18034
2278
30320
2271
3790
30234
17875
238280
17868
29785
238194
17332
231040
17325
28880
230954
230773
3076920
230766
384615
3076834
17311
230760
17304
28845
230674
28858
384720
28851
48090
384634
230515
3073480
230508
384185
3073394
1321
17560
1314
2195
17474
17293
230520
17286
28815
230434
1300
17280
1293
2160
17194
2173
28920
2166
3615
28834
17035
227080
17028
28385
226994
2212
29440
2205
3680
29354
29173
388920
29166
48615
388834
2191
29160
2184
3645
29074
3658
48720
3651
6090
48634
28915
385480
28908
48185
385394
16558
220720
16551
27590
220634
220453
2939320
220446
367415
2939234
16537
220440
16530
27555
220354
27568
367520
27561
45940
367434
220195
2935880
220188
366985
2935794
2329
31000
2322
3875
30914
30733
409720
30726
51215
409634
2308
30720
2301
3840
30634
3853
51320
3846
6415
51234
30475
406280
30468
50785
406194
29932
399040
29925
49880
398954
398773
5316920
398766
664615
5316834
29911
398760
29904
49845
398674
49858
664720
49851
83090
664634
398515
5313480
398508
664185
5313394
2266
30160
2259
3770
30074
29893
398520
29886
49815
398434
2245
29880
2238
3735
29794
3748
49920
3741
6240
49834
29635
395080
29628
49385
394994
3787
50440
3780
6305
50354
50173
668920
50166
83615
668834
3766
50160
3759
6270
50074
6283
83720
6276
10465
83634
49915
665480
49908
83185
665394
29158
388720
29151
48590
388634
388453
5179320
388446
647415
5179234
29137
388440
29130
48555
388354
48568
647520
48561
80940
647434
388195
5175880
388188
646985
5175794
15127
201640
15120
25205
201554
201373
2684920
201366
335615
2684834
15106
201360
15099
25170
201274
25183
335720
25176
41965
335634
201115
2681480
201108
335185
2681394
200572
2674240
200565
334280
2674154
2673973
35652920
2673966
4456615
35652834
200551
2673960
200544
334245
2673874
334258
4456720
334251
557090
4456634
2673715
35649480
2673708
4456185
35649394
15064
200800
15057
25100
200714
200533
2673720
200526
334215
2673634
15043
200520
15036
25065
200434
25078
334320
25071
41790
334234
200275
2670280
200268
333785
2670194
25117
334840
25110
41855
334754
334573
4460920
334566
557615
4460834
25096
334560
25089
41820
334474
41833
557720
41826
69715
557634
334315
4457480
334308
557185
4457394
199798
2663920
199791
332990
2663834
2663653
35515320
2663646
4439415
35515234
199777
2663640
199770
332955
2663554
332968
4439520
332961
554940
4439434
2663395
35511880
2663388
4438985
35511794
10240
136480
10233
17060
136394
136213
1816120
136206
227015
1816034
10219
136200
10212
17025
136114
17038
227120
17031
28390
227034
135955
1812680
135948
226585
1812594
135412
1805440
135405
225680
1805354
1805173
24068920
1805166
3008615
24068834
135391
1805160
135384
225645
1805074
225658
3008720
225651
376090
3008634
1804915
24065480
1804908
3008185
24065394
10177
135640
10170
16955
135554
135373
1804920
135366
225615
1804834
10156
135360
10149
16920
135274
16933
225720
16926
28215
225634
135115
1801480
135108
225185
1801394
16972
226240
16965
28280
226154
225973
3012920
225966
376615
3012834
16951
225960
16944
28245
225874
28258
376720
28251
47090
376634
225715
3009480
225708
376185
3009394
134638
1795120
134631
224390
1795034
1794853
23931320
1794846
2991415
23931234
134617
1794840
134610
224355
1794754
224368
2991520
224361
373940
2991434
1794595
23927880
1794588
2990985
23927794
133009
1773400
133002
221675
1773314
1773133
23641720
1773126
2955215
23641634
132988
1773120
132981
221640
1773034
221653
2955320
221646
369415
2955234
1772875
23638280
1772868
2954785
23638194
1772332
23631040
1772325
2953880
23630954
23630773
315076920
23630766
39384615
315076834
1772311
23630760
1772304
2953845
23630674
2953858
39384720
2953851
4923090
39384634
23630515
315073480
23630508
39384185
315073394
132946
1772560
132939
221570
1772474
1772293
23630520
1772286
2953815
23630434
132925
1772280
132918
221535
1772194
221548
2953920
221541
369240
2953834
1772035
23627080
1772028
2953385
23626994
221587
2954440
221580
369305
2954354
2954173
39388920
2954166
4923615
39388834
221566
2954160
221559
369270
2954074
369283
4923720
369276
615465
4923634
2953915
39385480
2953908
4923185
39385394
1771558
23620720
1771551
2952590
23620634
23620453
314939320
23620446
39367415
314939234
1771537
23620440
1771530
2952555
23620354
2952568
39367520
2952561
4920940
39367434
23620195
314935880
23620188
39366985
314935794
10051
133960
10044
16745
133874
133693
1782520
133686
222815
1782434
10030
133680
10023
16710
133594
16723
222920
16716
27865
222834
133435
1779080
133428
222385
1778994
132892
1771840
132885
221480
1771754
1771573
23620920
1771566
2952615
23620834
132871
1771560
132864
221445
1771474
221458
2952720
221451
369090
2952634
1771315
23617480
1771308
2952185
23617394
9988
133120
9981
16640
133034
132853
1771320
132846
221415
1771234
9967
132840
9960
16605
132754
16618
221520
16611
27690
221434
132595
1767880
132588
220985
1767794
16657
222040
16650
27755
221954
221773
2956920
221766
369615
2956834
16636
221760
16629
27720
221674
27733
369720
27726
46215
369634
221515
2953480
221508
369185
2953394
132118
1761520
132111
220190
1761434
1761253
23483320
1761246
2935415
23483234
132097
1761240
132090
220155
1761154
220168
2935520
220161
366940
2935434
1760995
23479880
1760988
2934985
23479794
16774
223600
16767
27950
223514
223333
2977720
223326
372215
2977634
16753
223320
16746
27915
223234
27928
372320
27921
46540
372234
223075
2974280
223068
371785
2974194
222532
2967040
222525
370880
2966954
2966773
39556920
2966766
4944615
39556834
222511
2966760
222504
370845
2966674
370858
4944720
370851
618090
4944634
2966515
39553480
2966508
4944185
39553394
16711
222760
16704
27845
222674
222493
2966520
222486
370815
2966434
16690
222480
16683
27810
222394
27823
370920
27816
46365
370834
222235
2963080
222228
370385
2962994
27862
371440
27855
46430
371354
371173
4948920
371166
618615
4948834
27841
371160
27834
46395
371074
46408
618720
46401
77340
618634
370915
4945480
370908
618185
4945394
221758
2956720
221751
369590
2956634
2956453
39419320
2956446
4927415
39419234
221737
2956440
221730
369555
2956354
369568
4927520
369561
615940
4927434
2956195
39415880
2956188
4926985
39415794
130687
1742440
130680
217805
1742354
1742173
23228920
1742166
2903615
23228834
130666
1742160
130659
217770
1742074
217783
2903720
217776
362965
2903634
1741915
23225480
1741908
2903185
23225394
1741372
23218240
1741365
2902280
23218154
23217973
309572920
23217966
38696615
309572834
1741351
23217960
1741344
2902245
23217874
2902258
38696720
2902251
4837090
38696634
23217715
309569480
23217708
38696185
309569394
130624
1741600
130617
217700
1741514
1741333
23217720
1741326
2902215
23217634
130603
1741320
130596
217665
1741234
217678
2902320
217671
362790
2902234
1741075
23214280
1741068
2901785
23214194
217717
2902840
217710
362855
2902754
2902573
38700920
2902566
4837615
38700834
217696
2902560
217689
362820
2902474
362833
4837720
362826
604715
4837634
2902315
38697480
2902308
4837185
38697394
1740598
23207920
1740591
2900990
23207834
23207653
309435320
23207646
38679415
309435234
1740577
23207640
1740570
2900955
23207554
2900968
38679520
2900961
4834940
38679434
23207395
309431880
23207388
38678985
309431794
1006
13360
999
1670
13274
13093
174520
13086
21815
174434
985
13080
978
1635
12994
1648
21920
1641
2740
21834
12835
171080
12828
21385
170994
12292
163840
12285
20480
163754
163573
2180920
163566
272615
2180834
12271
163560
12264
20445
163474
20458
272720
20451
34090
272634
163315
2177480
163308
272185
2177394
943
12520
936
1565
12434
12253
163320
12246
20415
163234
922
12240
915
1530
12154
1543
20520
1536
2565
20434
11995
159880
11988
19985
159794
1582
21040
1575
2630
20954
20773
276920
20766
34615
276834
1561
20760
1554
2595
20674
2608
34720
2601
4340
34634
20515
273480
20508
34185
273394
11518
153520
11511
19190
153434
153253
2043320
153246
255415
2043234
11497
153240
11490
19155
153154
19168
255520
19161
31940
255434
152995
2039880
152988
254985
2039794
9889
131800
9882
16475
131714
131533
1753720
131526
219215
1753634
9868
131520
9861
16440
131434
16453
219320
16446
27415
219234
131275
1750280
131268
218785
1750194
130732
1743040
130725
217880
1742954
1742773
23236920
1742766
2904615
23236834
130711
1742760
130704
217845
1742674
217858
2904720
217851
363090
2904634
1742515
23233480
1742508
2904185
23233394
9826
130960
9819
16370
130874
130693
1742520
130686
217815
1742434
9805
130680
9798
16335
130594
16348
217920
16341
27240
217834
130435
1739080
130428
217385
1738994
16387
218440
16380
27305
218354
218173
2908920
218166
363615
2908834
16366
218160
16359
27270
218074
27283
363720
27276
45465
363634
217915
2905480
217908
363185
2905394
129958
1732720
129951
216590
1732634
1732453
23099320
1732446
2887415
23099234
129937
1732440
129930
216555
1732354
216568
2887520
216561
360940
2887434
1732195
23095880
1732188
2886985
23095794
817
10840
810
1355
10754
10573
140920
10566
17615
140834
796
10560
789
1320
10474
1333
17720
1326
2215
17634
10315
137480
10308
17185
137394
9772
130240
9765
16280
130154
129973
1732920
129966
216615
1732834
9751
129960
9744
16245
129874
16258
216720
16251
27090
216634
129715
1729480
129708
216185
1729394
754
10000
747
1250
9914
9733
129720
9726
16215
129634
733
9720
726
1215
9634
1228
16320
1221
2040
16234
9475
126280
9468
15785
126194
1267
16840
1260
2105
16754
16573
220920
16566
27615
220834
1246
16560
1239
2070
16474
2083
27720
2076
3465
27634
16315
217480
16308
27185
217394
8998
119920
8991
14990
119834
119653
1595320
119646
199415
1595234
8977
119640
8970
14955
119554
14968
199520
14961
24940
199434
119395
1591880
119388
198985
1591794
1384
18400
1377
2300
18314
18133
241720
18126
30215
241634
1363
18120
1356
2265
18034
2278
30320
2271
3790
30234
17875
238280
17868
29785
238194
17332
231040
17325
28880
230954
230773
3076920
230766
384615
3076834
17311
230760
17304
28845
230674
28858
384720
28851
48090
384634
230515
3073480
230508
384185
3073394
1321
17560
1314
2195
17474
17293
230520
17286
28815
230434
1300
17280
1293
2160
17194
2173
28920
2166
3615
28834
17035
227080
17028
28385
226994
2212
29440
2205
3680
29354
29173
388920
29166
48615
388834
2191
29160
2184
3645
29074
3658
48720
3651
6090
48634
28915
385480
28908
48185
385394
16558
220720
16551
27590
220634
220453
2939320
220446
367415
2939234
16537
220440
16530
27555
220354
27568
367520
27561
45940
367434
220195
2935880
220188
366985
2935794
7567
100840
7560
12605
100754
100573
1340920
100566
167615
1340834
7546
100560
7539
12570
100474
12583
167720
12576
20965
167634
100315
1337480
100308
167185
1337394
99772
1330240
99765
166280
1330154
1329973
17732920
1329966
2216615
17732834
99751
1329960
99744
166245
1329874
166258
2216720
166251
277090
2216634
1329715
17729480
1329708
2216185
17729394
7504
100000
7497
12500
99914
99733
1329720
99726
166215
1329634
7483
99720
7476
12465
99634
12478
166320
12471
20790
166234
99475
1326280
99468
165785
1326194
12517
166840
12510
20855
166754
166573
2220920
166566
277615
2220834
12496
166560
12489
20820
166474
20833
277720
20826
34715
277634
166315
2217480
166308
277185
2217394
98998
1319920
98991
164990
1319834
1319653
17595320
1319646
2199415
17595234
98977
1319640
98970
164955
1319554
164968
2199520
164961
274940
2199434
1319395
17591880
1319388
2198985
17591794
1735
23080
1728
2885
22994
22813
304120
22806
38015
304034
1714
22800
1707
2850
22714
2863
38120
2856
4765
38034
22555
300680
22548
37585
300594
22012
293440
22005
36680
293354
293173
3908920
293166
488615
3908834
21991
293160
21984
36645
293074
36658
488720
36651
61090
488634
292915
3905480
292908
488185
3905394
1672
22240
1665
2780
22154
21973
292920
21966
36615
292834
1651
21960
1644
2745
21874
2758
36720
2751
4590
36634
21715
289480
21708
36185
289394
2797
37240
2790
4655
37154
36973
492920
36966
61615
492834
2776
36960
2769
4620
36874
4633
61720
4626
7715
61634
36715
489480
36708
61185
489394
21238
283120
21231
35390
283034
282853
3771320
282846
471415
3771234
21217
282840
21210
35355
282754
35368
471520
35361
58940
471434
282595
3767880
282588
470985
3767794
19609
261400
19602
32675
261314
261133
3481720
261126
435215
3481634
19588
261120
19581
32640
261034
32653
435320
32646
54415
435234
260875
3478280
260868
434785
3478194
260332
3471040
260325
433880
3470954
3470773
46276920
3470766
5784615
46276834
260311
3470760
260304
433845
3470674
433858
5784720
433851
723090
5784634
3470515
46273480
3470508
5784185
46273394
19546
260560
19539
32570
260474
260293
3470520
260286
433815
3470434
19525
260280
19518
32535
260194
32548
433920
32541
54240
433834
260035
3467080
260028
433385
3466994
32587
434440
32580
54305
434354
434173
5788920
434166
723615
5788834
32566
434160
32559
54270
434074
54283
723720
54276
90465
723634
433915
5785480
433908
723185
5785394
259558
3460720
259551
432590
3460634
3460453
46139320
3460446
5767415
46139234
259537
3460440
259530
432555
3460354
432568
5767520
432561
720940
5767434
3460195
46135880
3460188
5766985
46135794
1546
20560
1539
2570
20474
20293
270520
20286
33815
270434
1525
20280
1518
2535
20194
2548
33920
2541
4240
33834
20035
267080
20028
33385
266994
19492
259840
19485
32480
259754
259573
3460920
259566
432615
3460834
19471
259560
19464
32445
259474
32458
432720
32451
54090
432634
259315
3457480
259308
432185
3457394
1483
19720
1476
2465
19634
19453
259320
19446
32415
259234
1462
19440
1455
2430
19354
2443
32520
2436
4065
32434
19195
255880
19188
31985
255794
2482
33040
2475
4130
32954
32773
436920
32766
54615
436834
2461
32760
2454
4095
32674
4108
54720
4101
6840
54634
32515
433480
32508
54185
433394
18718
249520
18711
31190
249434
249253
3323320
249246
415415
3323234
18697
249240
18690
31155
249154
31168
415520
31161
51940
415434
248995
3319880
248988
414985
3319794
2599
34600
2592
4325
34514
34333
457720
34326
57215
457634
2578
34320
2571
4290
34234
4303
57320
4296
7165
57234
34075
454280
34068
56785
454194
33532
447040
33525
55880
446954
446773
5956920
446766
744615
5956834
33511
446760
33504
55845
446674
55858
744720
55851
93090
744634
446515
5953480
446508
744185
5953394
2536
33760
2529
4220
33674
33493
446520
33486
55815
446434
2515
33480
2508
4185
33394
4198
55920
4191
6990
55834
33235
443080
33228
55385
442994
4237
56440
4230
7055
56354
56173
748920
56166
93615
748834
4216
56160
4209
7020
56074
7033
93720
7026
11715
93634
55915
745480
55908
93185
745394
32758
436720
32751
54590
436634
436453
5819320
436446
727415
5819234
32737
436440
32730
54555
436354
54568
727520
54561
90940
727434
436195
5815880
436188
726985
5815794
17287
230440
17280
28805
230354
230173
3068920
230166
383615
3068834
17266
230160
17259
28770
230074
28783
383720
28776
47965
383634
229915
3065480
229908
383185
3065394
229372
3058240
229365
382280
3058154
3057973
40772920
3057966
5096615
40772834
229351
3057960
229344
382245
3057874
382258
5096720
382251
637090
5096634
3057715
40769480
3057708
5096185
40769394
17224
229600
17217
28700
229514
229333
3057720
229326
382215
3057634
17203
229320
17196
28665
229234
28678
382320
28671
47790
382234
229075
3054280
229068
381785
3054194
28717
382840
28710
47855
382754
382573
5100920
382566
637615
5100834
28696
382560
28689
47820
382474
47833
637720
47826
79715
637634
382315
5097480
382308
637185
5097394
228598
3047920
228591
380990
3047834
3047653
40635320
3047646
5079415
40635234
228577
3047640
228570
380955
3047554
380968
5079520
380961
634940
5079434
3047395
40631880
3047388
5078985
40631794
3274
43600
3267
5450
43514
43333
577720
43326
72215
577634
3253
43320
3246
5415
43234
5428
72320
5421
9040
72234
43075
574280
43068
71785
574194
42532
567040
42525
70880
566954
566773
7556920
566766
944615
7556834
42511
566760
42504
70845
566674
70858
944720
70851
118090
944634
566515
7553480
566508
944185
7553394
3211
42760
3204
5345
42674
42493
566520
42486
70815
566434
3190
42480
3183
5310
42394
5323
70920
5316
8865
70834
42235
563080
42228
70385
562994
5362
71440
5355
8930
71354
71173
948920
71166
118615
948834
5341
71160
5334
8895
71074
8908
118720
8901
14840
118634
70915
945480
70908
118185
945394
41758
556720
41751
69590
556634
556453
7419320
556446
927415
7419234
41737
556440
41730
69555
556354
69568
927520
69561
115940
927434
556195
7415880
556188
926985
7415794
40129
535000
40122
66875
534914
534733
7129720
534726
891215
7129634
40108
534720
40101
66840
534634
66853
891320
66846
111415
891234
534475
7126280
534468
890785
7126194
533932
7119040
533925
889880
7118954
7118773
94916920
7118766
11864615
94916834
533911
7118760
533904
889845
7118674
889858
11864720
889851
1483090
11864634
7118515
94913480
7118508
11864185
94913394
40066
534160
40059
66770
534074
533893
7118520
533886
889815
7118434
40045
533880
40038
66735
533794
66748
889920
66741
111240
889834
533635
7115080
533628
889385
7114994
66787
890440
66780
111305
890354
890173
11868920
890166
1483615
11868834
66766
890160
66759
111270
890074
111283
1483720
111276
185465
1483634
889915
11865480
889908
1483185
11865394
533158
7108720
533151
888590
7108634
7108453
94779320
7108446
11847415
94779234
533137
7108440
533130
888555
7108354
888568
11847520
888561
1480940
11847434
7108195
94775880
7108188
11846985
94775794
3085
41080
3078
5135
40994
40813
544120
40806
68015
544034
3064
40800
3057
5100
40714
5113
68120
5106
8515
68034
40555
540680
40548
67585
540594
40012
533440
40005
66680
533354
533173
7108920
533166
888615
7108834
39991
533160
39984
66645
533074
66658
888720
66651
111090
888634
532915
7105480
532908
888185
7105394
3022
40240
3015
5030
40154
39973
532920
39966
66615
532834
3001
39960
2994
4995
39874
5008
66720
5001
8340
66634
39715
529480
39708
66185
529394
5047
67240
5040
8405
67154
66973
892920
66966
111615
892834
5026
66960
5019
8370
66874
8383
111720
8376
13965
111634
66715
889480
66708
111185
889394
39238
523120
39231
65390
523034
522853
6971320
522846
871415
6971234
39217
522840
39210
65355
522754
65368
871520
65361
108940
871434
522595
6967880
522588
870985
6967794
5164
68800
5157
8600
68714
68533
913720
68526
114215
913634
5143
68520
5136
8565
68434
8578
114320
8571
14290
114234
68275
910280
68268
113785
910194
67732
903040
67725
112880
902954
902773
12036920
902766
1504615
12036834
67711
902760
67704
112845
902674
112858
1504720
112851
188090
1504634
902515
12033480
902508
1504185
12033394
5101
67960
5094
8495
67874
67693
902520
67686
112815
902434
5080
67680
5073
8460
67594
8473
112920
8466
14115
112834
67435
899080
67428
112385
898994
8512
113440
8505
14180
113354
113173
1508920
113166
188615
1508834
8491
113160
8484
14145
113074
14158
188720
14151
23590
188634
112915
1505480
112908
188185
1505394
66958
892720
66951
111590
892634
892453
11899320
892446
1487415
11899234
66937
892440
66930
111555
892354
111568
1487520
111561
185940
1487434
892195
11895880
892188
1486985
11895794
37807
504040
37800
63005
503954
503773
6716920
503766
839615
6716834
37786
503760
37779
62970
503674
62983
839720
62976
104965
839634
503515
6713480
503508
839185
6713394
502972
6706240
502965
838280
6706154
6705973
89412920
6705966
11176615
89412834
502951
6705960
502944
838245
6705874
838258
11176720
838251
1397090
11176634
6705715
89409480
6705708
11176185
89409394
37744
503200
37737
62900
503114
502933
6705720
502926
838215
6705634
37723
502920
37716
62865
502834
62878
838320
62871
104790
838234
502675
6702280
502668
837785
6702194
62917
838840
62910
104855
838754
838573
11180920
838566
1397615
11180834
62896
838560
62889
104820
838474
104833
1397720
104826
174715
1397634
838315
11177480
838308
1397185
11177394
502198
6695920
502191
836990
6695834
6695653
89275320
6695646
11159415
89275234
502177
6695640
502170
836955
6695554
836968
11159520
836961
1394940
11159434
6695395
89271880
6695388
11158985
89271794
